# CUJET3.0 [pQCD+sQGMP] c=1.66 c_m=0.33
# Prompt D0 Rcp vs pT
# Pb+Pb 2.76ATeV Prompt D0
# pT[GeV/c] | Rcp_D0(0-10%) | Rcp_D0(0-20%) | Rcp_D0(0-100%)
4.5	0.22110838892255363	0.25764621833323487	0.4454706858879154
5.	0.22721118193081605	0.2634116068208115	0.45279680780679876
5.5	0.23314735202782902	0.26903251698473474	0.4598980106864762
6.	0.2389224709929963	0.274513492568257	0.4667824170508369
6.5	0.24454189316919178	0.27985890726067375	0.4734578098392991
7.	0.2500107657588295	0.28507297253501607	0.47993164911133596
7.5	0.25533403855344294	0.2901597450630236	0.48621108780836897
8.	0.26051647313208004	0.2951231337333351	0.49230298663296673
8.5	0.2655626515613621	0.29996690629705003	0.4982139281010394
9.	0.2704769846277785	0.30469469566316487	0.5039502298188151
9.5	0.2752637196306929	0.30931000586485796	0.5095179570327701
10.	0.2799269477625945	0.31381621771618806	0.514922934497358
10.5	0.2844706111013358	0.31821659417746423	0.520170757702298
11.	0.28889850923743515	0.3225142854463344	0.525266803498343
11.5	0.29321430555798916	0.32671233379051967	0.5302162401578122
12.	0.2974215332073114	0.3308136781370788	0.5350240369037335
12.5	0.3015236007430966	0.3348211584321285	0.5396949729391929
13.	0.30552379750568304	0.3387375197840413	0.5442336460063852
13.5	0.3094252987168513	0.34256541640232113	0.5486444805029345
14.	0.3132311703235393	0.34630741534357384	0.5529317351812403
14.5	0.3169443736008755	0.3499660000752781	0.5570995104549504
15.	0.3205677695280187	0.353543573867392	0.5611517553350978
15.5	0.3241041229494467	0.3570424630212041	0.5650922740170065
16.	0.32755610653354433	0.3604649199442657	0.5689247321377311
16.5	0.33092630453961214	0.363813126079692	0.5726526627225449
17.	0.3342172164037244	0.36708919469762513	0.5762794718378362
17.5	0.3374312601532355	0.37029517355617425	0.5798084439666901
18.	0.3405707756591341	0.373433047438715	0.5832427471224305
18.5	0.3436380277348908	0.37650474057402056	0.586585437714457
19.	0.3466352090899286	0.3795121189453098	0.5898394651798373
19.5	0.3495644431453583	0.38245699249394843	0.5930076763933039
20.	0.3524277867191738	0.38534111722319814	0.5960928198675388
20.5	0.3552272325876762	0.3881661972070981	0.5990975497549219
21.	0.3579647119295017	0.3909338865092735	0.602024429661252
21.5	0.36064209665826125	0.39364579101618996	0.6048759362813366
22.	0.36326120164944975	0.3963034701891131	0.6076544628657523
22.5	0.36582378686696165	0.39890843873879894	0.610362322527553
23.	0.36833155939424805	0.40146216822670955	0.6130017513971782
23.5	0.37078617537486197	0.40396608859634087	0.6155749116333511
24.	0.3731892418668745	0.406421589638048	0.6180838942973043
24.5	0.3755423186153965	0.4088300223905706	0.6205307220972516
25.	0.3778469197472	0.41119270048228423	0.6229173520096442
25.5	0.38010451539122203	0.41351090141503954	0.6252456777833665
26.	0.38231653322851833	0.41578586779329796	0.6275175323327006
26.5	0.3844843599750459	0.4180188085011249	0.6297346900245457
27.	0.3866093428004686	0.4202108998294706	0.6318988688650979
27.5	0.38869279068601054	0.4223632865560328	0.6340117325908897
28.	0.39073597572421553	0.42447708297988135	0.6360748926688351
28.5	0.39274013436332783	0.42655337391290804	0.6380899102096708
29.	0.39470646859885583	0.42859321563005764	0.6400582977989429
29.5	0.39663614711475864	0.430597636780197	0.6419815212494753
30.	0.39853030637655434	0.4325676392593825	0.6438610012790354
30.5	0.40039005167854297	0.43450419904819665	0.6456981151167281
31.	0.40221645814721646	0.43640826701474233	0.6474941980414519
31.5	0.404010571702824	0.43828076968479873	0.6492505448555839
32.	0.4057734099809621	0.44012260998057307	0.6509684112968925
32.5	0.40750596321596605	0.4419346679294081	0.6526490153915254
33.	0.4092091950877844	0.44371780134373934	0.6542935387507653
33.5	0.4108840435339416	0.4454728464735296	0.655903127814118
34.	0.4125314215281098	0.447200618632357	0.6574788950411632
34.5	0.4141522178267391	0.44890191279826464	0.6590219200544717
35.	0.4157472976851205	0.4505775041904344	0.660533250735783
35.5	0.4173175035441944	0.45222814882269674	0.6620139042775242
36.	0.41886365568935097	0.45385458403483525	0.6634648681916485
36.5	0.4203865528824087	0.4554575290026051	0.6648871012776736
37.	0.4218869729679045	0.45703768522733845	0.6662815345517066
37.5	0.42336567345476944	0.45859573700597034	0.6676490721381595
38.	0.4248233920744207	0.4601323518822813	0.6689905921257695
38.5	0.4262608473162475	0.46164818108011396	0.6703069473894676
39.	0.42767873894142316	0.46314385991928875	0.6715989663795563
39.5	0.4290777484759384	0.46462000821491106	0.6728674538795992
40.	0.4304585396837026	0.4660772306607307	0.6741131917343467
40.5	0.4318217590205272	0.46751611719718406	0.6753369395489651
41.	0.433168036069767	0.46893724336472503	0.6765394353607825
41.5	0.4344979839603587	0.4703411706430205	0.6777213962846924
42.	0.43581219976796853	0.47172844677656545	0.6788835191333241
42.5	0.43711126489992114	0.4730996060872423	0.6800264810130168
43.	0.4383957454645647	0.47445516977433694	0.681150939896606
43.5	0.4396661926256857	0.4757956462024931	0.6822575351739675
44.	0.44092314294257184	0.47712153117806916	0.6833468881812362
44.5	0.44216711869628955	0.47843330821434754	0.6844196027095656
45.	0.44339862820272125	0.47973144878602136	0.6854762654942604
45.5	0.4446181661128846	0.4810164125733679	0.686517446685075
46.	0.44582621370103565	0.4822886476965066	0.6875437002984389
46.5	0.44702323914103387	0.4835485909401171	0.688555564652332
47.	0.44820969777143316	0.48479666796898163	0.6895535627845055
47.5	0.4493860323497398	0.48603329353470254	0.6905382028547139
48.	0.45055267329626175	0.48725887167392923	0.6915099785315881
48.5	0.45171003892796174	0.48847379589842105	0.6924693693647669
49.	0.4528585356827032	0.4896784493772537	0.6934168411428608
49.5	0.4539985583342689	0.4908732051114738	0.6943528462378121
50.	0.45513049019851676	0.49205842610148715	0.6952778239361835
50.5	0.45625470333102397	0.49323446550746225	0.6961922007578905
51.	0.4573715587165523	0.49440166680301545	0.6970963907628652
51.5	0.45848140645066726	0.4955603639224409	0.6979907958461263
52.	0.4595845859138192	0.49671088140173314	0.698875806021709
52.5	0.4606814259381915	0.4978535345136457	0.6997517996958853
53.	0.46177224496760916	0.4989886293970223	0.7006191439300935
53.5	0.46285735121078647	0.5001164631806226	0.7014781946939798
54.	0.4639370427881924	0.5012373241016672	0.7023292971089329
54.5	0.46501160787279056	0.5023514916193111	0.703172785682484
55.	0.4660813248249162	0.5034592365232533	0.7040089845339295
55.5	0.4671464623215316	0.5045608210376799	0.7048382076115113
56.	0.46820727948010227	0.5056564989207392	0.7056607589014958
56.5	0.4692640259773252	0.5067465155597317	0.7064769326294568
57.	0.4703169421629321	0.5078311080621999	0.7072870134540727
57.5	0.4713662591687897	0.508910505343097	0.7080912766537341
58.	0.47241219901350484	0.5099849282082048	0.7088899883062385
58.5	0.47345497470274145	0.5110545894339693	0.7096834054618532
59.	0.47449479032544906	0.5121196938439175	0.7104717763099981
59.5	0.4755318411461972	0.513180438381818	0.7112553403398189
60.	0.47656631369380287	0.5142370121817316	0.7120343284948742
60.5	0.4775983858464376	0.5152895966351151	0.7128089633221953
61.	0.4786282269133889	0.5163383654551171	0.7135794591159279
61.5	0.4796559977136541	0.5173834847382114	0.7143460220557891
62.	0.480681850651533	0.5184251130233122	0.7151088503405468
62.5	0.4817059297893864	0.5194634013485041	0.7158681343167259
63.	0.4827283709177222	0.5204984933055246	0.716624056602749
63.5	0.4837493016227626	0.5215305250921257	0.7173767922086908
64.	0.4847688413516525	0.52255962556245	0.7181265086518466
64.5	0.4857871014754503	0.5235859162755386	0.7188733660682821
65.	0.48680418535005565	0.5246095115421002	0.7196175173205523
65.5	0.4878201883752107	0.5256305184696567	0.7203591081017444
66.	0.4888351980517184	0.5266490370061897	0.7210982770360226
66.5	0.4898492940370113	0.5276651599823919	0.7218351557758199
67.	0.4908625481992062	0.5286789731526504	0.7225698690958419
67.5	0.49187502466977384	0.5296905552348617	0.7233025349840247
68.	0.4928867798949513	0.5306999779491891	0.7240332647295935
68.5	0.49389786268602087	0.5317073060558744	0.7247621630083632
69.	0.494908314268579	0.5327125973922003	0.7254893279654133
69.5	0.49591816833091196	0.5337159029087116	0.7262148512952746
70.	0.4969274510715959	0.5347172667047893	0.7269388183197489
70.5	0.49793618124643596	0.5357167260636829	0.7276613080634909
71.	0.4989443702148531	0.5367143114870904	0.7283823933274707
71.5	0.49995202198583005	0.5377100467293826	0.7291021407604327
72.	0.5009591332635206	0.5387039488315666	0.7298206109284675
72.5	0.5019656934926268	0.5396960281550721	0.7305378583828013
73.	0.5029716849036473	0.5406862884154561	0.7312539317259182
73.5	0.5039770825580904	0.5416747267161065	0.7319688736761065
74.	0.5049818543937559	0.5426613335820358	0.7326827211305442
74.5	0.5059859612701716	0.5436460929938367	0.7333955052270076
75.	0.506989357014285	0.5446289824218947	0.7341072514043069
75.5	0.5079919884664909	0.5456099728609243	0.7348179794615339
76.	0.5089937955270899	0.5465890288649121	0.7355277036162186
76.5	0.509994711203256	0.5475661085825402	0.73623643256147
77.	0.5109946616565995	0.5485411637931633	0.7369441695221935
77.5	0.5119935662514031	0.5495141399434109	0.7376509123104622
78.	0.512991337603613	0.5504849761844817	0.7383566533801194
78.5	0.51398788163065	0.5514536054102035	0.7390613798806873
79.	0.5149830976021276	0.5524199542959154	0.7397650737106594
79.5	0.5159768781915343	0.5533839433382426	0.7404677115702408
80.	0.5169691095289544	0.5543454868958206	0.7411692650136077
80.5	0.517959671254894	0.5553044932310334	0.7418697005007517
81.	0.5189484365752688	0.5562608645528136	0.7425689794489733
81.5	0.5199352723176204	0.55721449706057	0.7432670582840777
82.	0.5209200389886139	0.5581652809892886	0.7439638884913437
82.5	0.5219025908328752	0.559113100655858	0.7446594166663094
83.	0.5228827758932197	0.5600578345066723	0.7453535845654389
83.5	0.5238604360723191	0.5609993551665517	0.7460463291567093
84.	0.5248354071958614	0.5619375294890296	0.7467375826701832
84.5	0.5258075190772369	0.5628722186080436	0.7474272726485924
85.	0.5267765955838044	0.5638032779910753	0.7481153219980011
85.5	0.5277424547047684	0.5647305574937687	0.748801649038567
86.	0.5287049086207051	0.5656539014160673	0.7494861675554607
86.5	0.5296637637747736	0.5665731485599009	0.7501687868499651
87.	0.5306188209456417	0.5674881322884507	0.7508494117908018
87.5	0.531569875322151	0.5683986805870173	0.7515279428657082
88.	0.532516716579751	0.5693046161255255	0.7522042762333035
88.5	0.5334591289587234	0.570205756322678	0.7528783037752687
89.	0.5343968913442116	0.5711019134117797	0.7535499131488644
89.5	0.5353297773480794	0.5719928945082565	0.7542189878398192
90.	0.5362575553926037	0.5728785016788762	0.7548854072155986
90.5	0.5371799887960208	0.5737585320126841	0.7555490465790854
91.	0.5380968358599241	0.5746327776936653	0.7562097772226798
91.5	0.5390078499585276	0.5755010260751408	0.7568674664828432
92.	0.5399127796297909	0.5763630597558952	0.7575219777950899
92.5	0.540811368668402	0.5772186566580472	0.7581731707494448
93.	0.5417033562206249	0.5780675901066517	0.7588209011463721
93.5	0.542588476880991	0.5789096289110373	0.7594650210531825
94.	0.5434664607908345	0.5797445374478679	0.7601053788609234
94.5	0.544337033738652	0.5805720757459221	0.760741819341753
95.	0.5451999172622771	0.5813919995725734	0.7613741837068013
95.5	0.5460548287528431	0.5822040605219659	0.7620023096645131
96.	0.54690148156052	0.5830080061048584	0.7626260314794716
96.5	0.5477395851019959	0.5838035798401235	0.7632451800316927
97.	0.548568844969676	0.5845905213478743	0.7638595828763839
97.5	0.5493889630425723	0.5853685664442004	0.7644690643041612
98.	0.5501996375988455	0.5861374472374793	0.7650734454017017
98.5	0.551000563429972	0.5868968922262366	0.7656725441128328
99.	0.5517914319564853	0.5876466263985181	0.7662661753000211
99.5	0.5525719313452624	0.5883863713327476	0.7668541508062651
100.	0.5533417466283046	0.5891158453000214	0.7674362795173537
100.5	0.55410055982297	0.5898347633678083	0.7680123674244796
101.	0.5548480500536064	0.5905428375050101	0.7685822176871757
101.5	0.5555838936745334	0.5912397766883348	0.7691456306965552
102.	0.5563077643943268	0.5919252870099417	0.7697024041388256
102.5	0.5570193334013374	0.5925990717863053	0.7702523330590408
103.	0.5577182694903962	0.5932608316682467	0.7707952099250749
103.5	0.5584042391906454	0.5939102647520792	0.7713308246917674
104.	0.5590769068944251	0.5945470666918202	0.7718589648652184
104.5	0.5597359349871597	0.5951709308123964	0.7723794155671935
105.	0.5603809839781752	0.5957815482238005	0.7728919595995961
105.5	0.5610117126323763	0.5963786079361274	0.7733963775089765
106.	0.5616277781027199	0.5969617969754311	0.7738924476510294
106.5	0.5622288360634088	0.5975308005003365	0.7743799462550449
107.	0.5628145408437308	0.5980853019193424	0.7748586474882585
107.5	0.5633845455624806	0.5986249830087492	0.7753283235200693
108.	0.5639385022628716	0.5991495240311348	0.775788744586069
108.5	0.5644760620478758	0.5996586038543223	0.7762396790518393
109.	0.5649968752159049	0.6001519000707529	0.776680893476468
109.5	0.565500591396758	0.6006290891172056	0.7771121526757337
110.	0.565986859687755	0.6010898463947784	0.7775332197849082
110.5	0.5664553287899715	0.6015338463890686	0.7779438563211272
111.	0.5669056471445021	0.6019607627904646	0.7783438222452699
111.5	0.5673374630686606	0.6023702686144831	0.7787328760233038
112.	0.5677504248920419	0.602762036322071	0.779110774687028
112.5	0.5681441810923582	0.6031357379397941	0.7794772738941691
113.	0.5685183804309715	0.6034910451798404	0.779832127987771
113.5	0.5688726720880328	0.6038276295597517	0.7801750900548154
114.	0.5692067057971546	0.6041451625218155	0.7805059119840251
114.5	0.5695201319795209	0.6044433155520292	0.7808243445227846
115.	0.5698126018773657	0.6047217602985682	0.7811301373331233
115.5	0.5700837676867272	0.6049801686896719	0.7814230390466954
116.	0.570333282689406	0.6052182130508743	0.7817027973187061
116.5	0.5705608013840328	0.6054355662214997	0.7819691588807189
117.	0.5707659796161809	0.6056319016703533	0.7822218695922768
117.5	0.5709484747074334	0.6058068936105141	0.7824606744912923
118.	0.5711079455833279	0.6059602171131736	0.7826853178431286
118.5	0.571244052900108	0.6060915482204338	0.7828955431883192
119.	0.5713564591701974	0.6062005640569899	0.783091093388865
119.5	0.5714448288863266	0.6062869429406325	0.7832717106730404
120.	0.5715088286442348	0.6063503644914848	0.7834371366786529